Output of C++ program written to confirm Assembly program.

quantity of numbers divisible by five in total prog
50
the numbers divisible by 5 are 
255 250 245 240 235 230 225 220 215 210 205 200 195 190 185 180 175 170 165 160 155 150 145 140 135 130 125 120 115 110 105 100 95 90 85 80 75 70 65 60 55 50 45 40 35 30 25 20 15 10 
quantity of numbers not divisible by five in total prog
200
those numbers are
254 253 252 251 249 248 247 246 244 243 242 241 239 238 237 236 234 233 232 231 229 228 227 226 224 223 222 221 219 218 217 216 214 213 212 211 209 208 207 206 204 203 202 201 199 198 197 196 194 193 192 191 189 188 187 186 184 183 182 181 179 178 177 176 174 173 172 171 169 168 167 166 164 163 162 161 159 158 157 156 154 153 152 151 149 148 147 146 144 143 142 141 139 138 137 136 134 133 132 131 129 128 127 126 124 123 122 121 119 118 117 116 114 113 112 111 109 108 107 106 104 103 102 101 99 98 97 96 94 93 92 91 89 88 87 86 84 83 82 81 79 78 77 76 74 73 72 71 69 68 67 66 64 63 62 61 59 58 57 56 54 53 52 51 49 48 47 46 44 43 42 41 39 38 37 36 34 33 32 31 29 28 27 26 24 23 22 21 19 18 17 16 14 13 12 11 9 8 7 6 

------------------
(program exited with code: 0)
Press return to continue
